66
217
19314
4408
140
528
411
568
56
282
345
1945
62
452
1814
143
24
12
576
77
217
427
2018
160
1307
386
279
272
391
2687
272
338
4458
153
1162
60
1066
790
538
140
529
191
53
2767
78
1919
2126
177
62
22
266
5
1057
35
10522
23
105
5
288
161
264
394
2014
16
473
174
45
12
45
1625
104
558
220
1604
437
430
204
23
255
18
149
68
220
209
79
131
1161
66
85
96
4708
416
230
14
8
35
158
39
94
40
317
10
122
459
24
93
448
841
694
2564
88
1031
1653
105
48
669
137
102
115
72
687
390
12
141
1095
664
280
180
63
113
674
80
1569
141
405
38
60
82
43
1964
432
57
189
157
111
221
158
849
3760
80
128
1937
21
21
18
92
797
20
335
55
91
413
174
1225
107
69
23
158
1164
74
61
683
59
313
29
31
2
106
44
31
226
993
14
327
71
160
493
4
84
196
26
14
38
1703
74
374
22
397
1013
4
486
73
477
25
926
194
96
48
2907
13
14
329
351
108
1111
275
46
619
432
1
216
273
156
10
539
20
379
122
433
234
119
384
1161
161
482
3425
198
111
635
198
87
189
393
13665
5818
76
111
16
47
44
134
57
32
5975
2544
58
1922
3595
17
479
10
1340
355
158
17
22
37
405
219
103
856
28
404
14
17
11
153
519
20
295
142
211
2576
24
41
174
327
276
51
115
11
346
43
5330
489
1795
2323
121
1249
26
15
562
1122
279
94
113
239
36
33
496
90
79
8574
113
86
104
116
17
278
12
1705
473
15
9
75
20
90
16
10465
2
834
116
650
60
245
176
45
267
15
18
72
103
41
215
65
786
250
1012
2658
18
1527
413
176
63
30
10
1828
1237
8
180
8
38
43
150
185
1866
379
362
149
271
149
52
65
134
14
36
7
85
809
717
185
59
123
710
52
66
46
41
6060
1820
768
26015
41
51
41
272
568
6
1518
24
4
109
194
814
61
8
1381
47
15745
516
202
12
308
67
40
15
1050
335
699
92
398
6084
214
21
9
114
1227
1006
8
74
728
241
2318
418
20
21
31
114
42
222
660
435
34
191
34
653
109
50
925
864
5
27
94
209
17
2448
151
108
19
564
1975
120
1011
157
8
7
876
183
10
663
3031
121
177
55
52
77
1187
219
19
220
76
61
3497
27
59
11
61
93
91
94
16
779
81
9
93
479
63
106
97
123
31
241
41
170
313
31
9
4
3153
65
72
144
334
235
529
73
45
119
203
114
511
116
56
16
4786
1424
21
10
1
47
94
1009
231
28
2269
27
242
80
104
529
1446
368
241
3
10
19
50
49
706
666
879
95
448
156
290
143
255
1133
49
118
6
24
93
53
687
27
370
12
881
963
345
422
307
785
378
90
530
443
75
30
138
247
215
7574
647
147
26
55
121
61
1410
24
1061
126
108
61
73
277
725
271
445
59
51
61
1624
193
68
79
38
121
40
4
44
364
49
89
138
138
54
0
1
71
45
724
124
36
61
16
1040
76
0
50
90
39
172
14
17
860
368
14
77
424
218
535
30
77
47
19
124
121
5
6
877
379
154
28
1337
67
26
4
507
22
10
194
36
156
274
108
250
22
23
1462
139
330
226
1607
313
211
3
121
2666
946
47
1195
32
171
31
10
29
12
56
3
207
70
59
25
0
13
144
94
8
214
401
1144
438
33
369
19
297
86
708
22
433
526
17
75
188
25
13
25
40
20
127
62
88
73
17
20
385
162
232
102
98
401
99
125
12
4
9
56
587
12
698
26
78
1421
32
25
100
37
187
9
514
106
24
41
64
2
707
44
575
716
3294
5349
718
47
840
32
42
311
320
2215
40
47
13
234
152
125
218
452
730
23
351
63
867
140
133
142
5516
104
136
6161
118
156
20
1674
44
83
358
1164
331
142
45
224
222
51
37
313
243
183
23
72
9
15
22
1782
106
172
50
1883
213
91
20
25
73
9
34
138
284
15
12
223
17
401
31
389
0
109
21
5
58
140
158
812
5189
10
1105
145
65
35
59
852
99
1
12
33
6972
949
286
1632
415
9
338
5
34
662
39
82
28
200
299
353
353
31
2
1498
51
21
1
6389
490
229
709
66
35
542
66
42
1086
190
5
1990
796
1471
86
114
68
62
340
136
179
810
1
45
91
117
271
377
241
214
7546
33
50
0
37
25
736
74
281
389
8
351
381
248
10
486
63
75
37
55
346
3
149
140
183
67
580
98
544
18
126
9
44
27
22
118
3994
112
1
4698
101
38
18
14
693
525
5
159
261
1100
183
67
126
119
19
29
75
1094
1793
19
23
12
120
11
372
24
234
25
0
148
258
55
14
9
273
731
95
18
45
1419
166
167
39
86
27
3
176
2754
292
61
598
158
34
86
5
48
13
34
8362
144
30
250
4
205
117
67
642
5
57
107
72
169
36
63
1562
20
42
67
6
131
177
188
0
64
195
101
722
61
15
141
9748
254
118
72
7
162
2005
456
307
410
30
953
72
99
33
256
36
30
263
9
80
250
9
25
164
66
8
3
0
78
12
41
121
22
62
358
831
28
259
42
477
76
33
32
1058
138
32
93
108
66
21
350
1
164
1783
272
24
2
66
6
27
1327
7
386
18
110
60
31
137
16
24
221
2
59
272
522
339
103
1781
15
336
199
254
60
24
64
15
289
1
6
416
11
53
123
25
40
16
34
77
24
157
80
27
596
5
206
9
52
80
440
2
143
195
58
128
153
322
15
19189
40
207
1145
37
178
308
35
336
1
43
128
30
2325
14
74
13
11
1532
12
62
87
12
9
12
304
18
13
228
59
3
666
386
5
1049
347
895
15
301
512
357
51
12
392
1
2197
47
177
17
188
29
110
43
133
48
52
27
35
34
54
47
5968
40
323
7
1034
6486
6
375
241
143
643
53
650
66
393
43
13
153
137
81
3
12337
187
1951
26
149
165
5
10
111
632
13
20
81
9
141
812
30
70
46
61
321
394
84
294
150
210
98
1329
142
16
68
22
762
47
13
289
3592
68
115
7
39
255
53
7012
27
26
47
12
22
22
12
107
57
266
6158
19
66
171
28
27
292
136
59
164
849
504
40
18
1305
662
8
41
60
27
79
355
88
179
540
205
26
31
63
18
1
5
247
101
9
5583
243
626
108
25
34
11
78
77
50
47
193
831
45
88
206
239
77
0
208
8
14
294
24
51
1489
29
6
3
26
138
52
1489
1005
1872
28
45
14
82
103
17
179
6
923
126
64
735
2
183
222
15
6
276
12
12
33
702
42
393
9
49
59
2798
57
44
2
61
33
23
8
10
1323
185
134
1076
43
75
143
499
208
95
8
419
216
43
31
608
67
61
970
192
5
279
8
108
24
6
121
32
251
38
13
5255
453
165
498
9
42
204
514
115
156
102
5
104
87
2
94
149
358
177
397
34
20
438
364
21
1
22
45
59
47
2754
38
37
677
168
30
129
57
36
103
31
13
42
103
36
14
183
39
458
34
268
192
23
40
11
38
1468
17
96
8
53
39
168
298
29
40
343
232
6
38
185
486
79
741
109
107
162
20
21
83
690
41
11
88
235
49
533
80
60
60
85
377
34
602
163
9
51
5
45
43
37
7
8
32
63
1
565
70
301
366
56
51
9
151
42
144
31
52
237
40
1486
49
62
1102
86
80
8
455
61
58
198
201
23
150
3
94
342
872
85
208
18
6
31
942
3434
58
42724
26
24
32
51
32
24
314
12
19
203
18
304
254
12
928
19
148
20
77
381
158
46
119
34
11
31
830
36
672
55
103
200
17
10
60
26
54
348
71
57
14247
57
123
129
27
95
373
3
249
25
393
286
113
36
131
76
97
54
116
20
13
44
51
72
804
85
58
5
45
177
8
477
193
0
245
135
142
269
3761
5
38
21
196
2
928
201
349
317
120
168
115
1939
820
18
113
279
196
6
4
112
253
128
20
55
92
38
15
23
7
143
375
1793
730
146
43
20
58
430
3
443
30
97
1623
12
1682
192
17
79
14
69
150
52
106
175
80
15
213
69
241
30
43
79
24
40
6
5609
408
6
29
119
232
143
76
6
28
11
52
10
78
34
1398
52
171
660
26
712
815
23
55
69
231
43
6
36
188
79
186
104
63
12
111
141
36
4
650
618
113
28
219
131
576
73
120
36
13
1633
84
15
62
64
95
14
44
2
16
29
26
23
333
118
0
1887
723
39
8747
15
15
149
170
97
2469
99
70
9
55
83
966
838
653
1036
109
20
14
8
83
94
67
434
4
7
571
54
20
7
1505
54
102
70
85
231
4789
3
14
6
19
23
140
266
199
39
10
112
121
248
10
32
177
121
38
223
326
1484
266
40
44
1909
317
20
334
8
249
26
33
221
33
446
172
268
1663
161
28
358
1228
12
108
17282
48
26
1
183
13
85
28
18
31
29
161
114
21
749
1362
114
54
1306
322
1129
1077
304
29
6477
215
16
2
2
2
4
53
751
230
22
27
33
31
10
36
6
147
3015
17660
217
860
35
33
168
120
1896
54
40
17
1028
4651
174
170
255
68
117
17
37
25
110
454
44
198397
1012
3016
87
86
32
17
16
385
35138
80
1
80
19
13
27
4751
67
996
823
33
132
58
147
41
46
420
14
16
874
57
105
16
492
40
2142
2327
18
802
212
10
2310
298
71
5422
2
1711
121
64
131
227
196
55
14
1
1227
21
468
154
10
1214
3145
13
92
94
11
59
34
23
8
0
113
69
9
37
113
14
867
229
84
6
223
262
587
236
41
23
20
86
106
87
81
229
105
41
108
193
109
33
165
639
30
40
7
9
32
514
17
65
109
9
698
31
11131
117
10
3
33
12
12
3
67
104
11
13
57
37
45
114
24
135
185
53
51
15
63
120
544
734
56
17
363
84
25
76
82
10
72
56
28
361
166
18
99
1355
707
41
156
55
12
157
3
37
15
32
65
199
80
69
502
97
11337
123
18
52
26
25
40
67
541
10
25
507
17
415
14
350
13
24
582
18
24
51
41
64
7
293
1
1316
454
5
14
403
33
501
47
6
137
56
1212
106
46
135
256
49
202
35
10
300
27347
5030
50
27010
203
38
233
205
22
30
5
926
48
216
11
45
118
18
15
214
26
29
118
54
197
0
210
13
10
98
63
7
281
10
6
120
45
39
57
17
35
23
301
478
663
54
110
61
1141
87
12
20
6
89
45
192
302
3688
199
64
5
128
274
663
42
1
31
128
36
616
669
75
55
20327
49
51
34
47
22
6
45
71
32
1
0
63
77
96
0
213
352
4265
1734
752
560
8
89
47
1629
28
77
19
106
9
129
24
11
7
63
53
3
48
331
68
216
73
2
2
1
6712
2196
3
52
14
14
44
3
105
8
36
8
46
16
1
979
20
42
2186
6
2316
83
78
147
1236
107
24
34
36
7
1140
143
275
43
716
53
43
8
736
15960
48
52
43
210
100
113
277
1351
62
129
67
18
705
45
1372
95
45
55
9
3373
10
14
17
168
133
9
268
6
4
32
42
27
19
59
5
4
528
230
10
448
173
74
171
131
769
41
243
394
56
47
392
331
473
872
0
30
188
9664
213
47
8
7
182
278
780
176
76
44
96
19681
17
215
109
250
67
18
938
56
28
47
114
13
14
115
13
92
1148
69
40
6
12
6
9
272
35
90
53
22
402
641
2
16
8
54
845
20
14
8
567
1493
173
11
4
41
3273
2
210
96
16
5
9
460
255
189
155
50
72
56
26
1689
99
131
35
1159
31
22
4
13
54
131
17
10860
2
458
43
186
20
725
3455
65
64
70
74
55
69
7
22
14
60
1
13
459
10
275
24
17
353
452
80
24
313
69
273
155
229
73
56
906
690
46
1
580
138
41
8
78
13
1836
457
160
491
50
98
4
9
118
310
47
68
151
9
421
29
54
377
31
58
746
2161
5
3
194
30
4
28
11
100
1
52
7
16
61
1467
67
48
143
162
246
25
128
118
121
84
49
119
108
43
129
424
26
14
1
11
77
135
319
26
315
37
13
100
139
337
399
26
350
151
247
1164
802
13
107
1089
3163
3
1247
764
29567
120
380
96
92
9
4
2562
7
62
1037
30
10
255
97
158
67
21
51
231
97
1023
9
1
89
0
238
28
2
0
1891
63
535
9
2748
2
328
19
489
1517
1409
15
550
15
196
295
6
23
50
36
23
191
10446
306
63
15
76
388
303
7
146
61
203
15
74
99
559
374
2118
12
148
88
939
1
147
13
245
37
149
71
125
6
151
0
0
0
0
0
0
0
0
0
0
0
0
0
0
0
0
0
0
0
0
0
0
0
0
0
0
0
0
0
0
0
0
0
0
0
0
0
0
0
0
0
0
0
0
0
0
0
0
0
0
0
0
0
0
0
0
0
0
0
0
0
0
0
0
0
0
0
0
0
0
0
0
0
0
0
0
0
0
0
0
0
0
0
0
0
0
0
0
0
0
0
0
0
0
0
0
0
0
0
0
0
0
0
0
0
0
0
0
0
0
0
0
0
0
0
0
0
0
0
0
0
0
0
0
0
0
0
0
0
0
0
0
0
0
0
0
0
0
0
0
0
0
0
0
0
0
0
0
0
0
0
0
0
0
0
0
0
0
0
0
0
0
0
0
0
0
0
0
0
0
0
0
0
0
0
0
0
0
0
0
0
0
0
0
0
0
0
0
0
0
0
0
0
0
0
0
0
0
0
0
0
0
0
0
0
0
0
0
0
0
0
0
0
0
0
0
0
0
0
0
0
0
0
0
0
0
0
0
0
0
0
0
0
0
0
0
0
0
0
0
0
0
0
0
0
0
0
0
0
0
0
0
0
0
0
0
0
0
0
0
0
0
0
0
0
0
0
0
0
0
0
0
0
0
0
0
0
0
0
0
0
0
0
0
0
0
0
0
0
0
0
0
0
0
0
0
0
0
0
0
0
0
0
0
0
0
0
0
0
0
0
0
0
0
0
0
0
0
0
0
0
0
0
0
0
0
0
0
0
0
0
0
0
0
0
0
0
0
0
0
0
0
0
0
0
0
0
0
0
0
0
0
0
0
0
0
0
0
0
0
0
0
0
0
0
0
0
0
0
0
0
0
0
0
0
0
0
0
0
0
0
0
0
0
0
0
0
0
0
0
0
0
0
0
0
0
0
0
0
0
0
0
0
0
0
0
0
0
0
0
0
0
0
0
0
0
0
0
0
0
0
0
0
0
0
0
0
0
0
0
0
0
0
0
0
0
0
0
0
0
0
0
0
0
0
0
0
0
0
0
0
0
0
0
0
0
0
0
0
0
0
0
0
0
0
0
0
0
0
0
0
0
0
0
0
0
0
0
0
0
0
0
0
0
0
0
0
0
0
0
0
0
0
0
0
0
0
0
0
0
0
0
0
0
0
0
0
0
0
0
0
0
0
0
0
0
0
0
0
0
0
0
0
0
0
0
0
0
0
0
0
0
0
0
0
0
0
0
0
0
0
0
0
0
0
0
0
0
0
0
0
0
0
0
0
0
0
0
0
0
0
0
0
0
0
0
0
0
0
0
0
0
0
0
0
0
0
0
0
0
0
0
0
0
0
0
0
0
0
0
0
0
0
0
0
0
0
0
0
0
0
0
0
0
0
0
0
0
0
0
0
0
0
0
0
0
0
0
0
0
0
0
0
0
0
0
0
0
0
0
0
0
0
0
0
0
0
0
0
0
0
0
0
0
0
0
0
0
0
0
0
0
0
0
0
0
0
0
0
0
0
0
0
0
0
0
0
0
0
0
0
0
0
0
0
0
0
0
0
0
0
0
0
0
0
0
0
0
0
0
0
0
0
0
0
0
0
0
0
0
0
0
0
0
0
0
0
0
0
0
0
0
0
0
0
0
0
0
0
0
0
0
0
0
0
0
0
0
0
0
0
0
0
0
0
0
0
0
0
0
0
0
0
0
0
0
0
0
0
0
0
0
0
0
0
0
0
0
0
0
0
0
0
0
0
0
0
0
0
0
0
0
0
0
0
0
0
0
0
0
0
0
0
0
0
0
0
0
0
0
0
0
0
0
0
0
0
0
0
0
0
0
0
0
0
0
0
0
0
0
0
0
0
0
0
0
0
0
0
0
0
0
0
0
0
0
0
0
0
0
0
0
0
0
0
0
0
0
0
0
0
0
0
0
0
0
0
0
0
0
0
0
0
0
0
0
0
0
0
0
0
0
0
0
0
0
0
0
0
0
0
0
0
0
0
0
0
0
0
0
0
0
0
0
0
0
0
0
0
0
0
0
0
0
0
0
0
0
0
0
0
0
0
0
0
0
0
0
0
0
0
0
0
0
0
0
0
0
0
0
0
0
0
0
0
0
0
0
0
0
0
0
0
0
0
0
0
0
0
0
0
0
0
0
0
0
0
0
0
0
0
0
0
0
0
0
0
0
0
0
0
0
0
0
0
0
0
0
0
0
0
0
0
0
0
0
0
0
0
0
0
0
0
0
0
0
0
0
0
0
0
0
0
0
0
0
0
0
0
0
0
0
0
0
0
0
0
0
0
0
0
0
0
0
0
0
0
0
0
0
0
0
0
0
0
0
0
0
0
0
0
0
0
0
0
0
0
0
0
0
0
0
0
0
0
0
0
0
0
0
0
0
0
0
0
0
0
0
0
0
0
0
0
0
0
0
0
0
0
0
0
0
0
0
0
0
0
0
0
0
0
0
0
0
0
0
0
0
0
0
0
0
0
0
0
0
0
0
0
0
0
0
0
0
0
0
0
0
0
0
0
0
0
0
0
0
0
0
0
0
0
0
0
0
0
0
0
0
0
0
0
0
0
0
0
0
0
0
0
0
0
0
0
0
0
0
0
0
0
0
0
0
0
0
0
0
0
0
0
0
0
0
0
0
0
0
0
0
0
0
0
0
0
0
0
0
0
0
0
0
0
0
0
0
0
0
0
0
0
0
0
0
0
0
0
0
0
0
0
0
0
0
0
0
0
0
0
0
0
0
0
0
0
0
0
0
0
0
0
0
0
0
0
0
0
0
0
0
0
0
0
0
0
0
0
0
0
0
0
0
0
0
0
0
0
0
0
0
0
0
0
0
0
0
0
0
0
0
0
0
0
0
0
0
0
0
0
0
0
0
0
0
0
0
0
0
0
0
0
0
0
0
0
0
0
0
0
0
0
0
0
0
0
0
0
0
0
0
0
0
0
0
0
0
0
0
0
0
0
0
0
0
0
0
0
0
0
0
0
0
0
0
0
0
0
0
0
0
0
0
0
0
0
0
0
0
0
0
0
0
0
0
0
0
0
0
0
0
0
0
0
0
0
0
0
0
0
0
0
0
0
0
0
0
0
0
0
0
0
0
0
0
0
0
0
0
0
0
0
0
0
0
0
0
0
0
0
0
0
0
0
0
0
0
0
0
0
0
0
0
0
0
0
0
0
0
0
0
0
0
0
0
0
0
0
0
0
0
0
0
0
0
0
0
0
0
0
0
0
0
0
0
0
0
0
0
0
0
0
0
0
0
0
0
0
0
0
0
0
0
0
0
0
0
0
0
0
0
0
0
0
0
0
0
0
0
0
0
0
0
0
0
0
0
0
0
0
0
0
0
0
0
0
0
0
0
0
0
0
0
0
0
0
0
0
0
0
0
0
0
0
0
0
0
0
0
0
0
0
0
0
0
0
0
0
0
0
0
0
0
0
0
0
0
0
0
0
0
0
0
0
0
0
0
0
0
0
0
0
0
0
0
0
0
0
0
0
0
0
0
0
0
0
0
0
0
0
0
0
0
0
0
0
0
0
0
0
0
0
0
0
0
0
0
0
0
0
0
0
0
0
0
0
0
0
0
0
0
0
0
0
0
0
0
0
0
0
0
0
0
0
0
0
0
0
0
0
0
0
0
0
0
0
0
0
0
0
0
0
0
0
0
0
0
0
0
0
0
0
0
0
0
0
0
0
0
0
0
0
0
0
0
0
0
0
0
0
0
0
0
0
0
0
0
0
0
0
0
0
0
0
0
0
0
0
0
0
0
0
0
0
0
0
0
0
0
0
0
0
0
0
0
0
0
0
0
0
0
0
0
0
0
0
0
0
0
0
0
0
0
0
0
0
0
0
0
0
0
0
0
0
0
0
0
0
0
0
0
0
0
0
0
0
0
0
0
0
0
0
0
0
0
0
0
0
0
0
0
0
0
0
0
0
0
0
0
0
0
0
0
0
0
0
0
0
0
0
0
0
0
0
0
0
0
0
0
0
0
0
0
0
0
0
0
0
0
0
0
0
0
0
0
0
0
0
0
0
0
0
0
0
0
0
0
0
0
0
0
0
0
0
0
0
0
0
0
0
0
0
0
0
0
0
0
0
0
0
0
0
0
0
0
0
0
0
0
0
0
0
0
0
0
0
0
0
0
0
0
0
0
0
0
0
0
0
0
0
0
0
0
0
0
0
0
0
0
0
0
0
0
0
0
0
0
0
0
0
0
0
0
0
0
0
0
0
0
0
0
0
0
0
0
0
0
0
0
0
0
0
0
0
0
0
0
0
0
0
0
0
0
0
0
0
0
0
0
0
0
0
0
0
0
0
0
0
0
0
0
0
0
0
0
0
0
0
0
0
0
0
0
0
0
0
0
0
0
0
0
0
0
0
0
0
0
0
0
0
0
0
0
0
0
0
0
0
0
0
0
0
0
0
0
0
0
0
0
0
0
0
0
0
0
0
0
0
0
0
0
0
0
0
0
0
0
0
0
0
0
0
0
0
0
0
0
0
0
0
0
0
0
0
0
0
0
0
0
0
0
0
0
0
0
0
0
0
0
0
0
0
0
0
0
0
0
0
0
0
0
0
0
0
0
0
0
0
0
0
0
0
0
0
0
0
0
0
0
0
0
0
0
0
0
0
0
0
0
0
0
0
0
0
0
0
0
0
0
0
0
0
0
0
0
0
0
0
0
0
0
0
0
0
0
0
0
0
0
0
0
0
0
0
0
0
0
0
0
0
0
0
0
0
0
0
0
0
0
0
0
0
0
0
0
0
0
0
0
0
0
0
0
0
0
0
0
0
0
0
0
0
0
0
0
0
0
0
0
0
0
0
0
0
0
0
0
0
0
0
0
0
0
0
0
0
0
0
0
0
0
0
0
0
0
0
0
0
0
0
0
0
0
0
0
0
0
0
0
0
0
0
0
0
0
0
0
0
0
0
0
0
0
0
0
0
0
0
0
0
0
0
0
0
0
0
0
0
0
0
0
0
0
0
0
0
0
0
0
0
0
0
0
0
0
0
0
0
0
0
0
0
0
0
0
0
0
0
0
0
0
0
0
0
0
0
0
0
0
0
0
0
0
0
0
0
0
0
0
0
0
0
0
0
0
0
0
0
0
0
0
0
0
0
0
0
0
0
0
0
0
0
0
0
0
0
0
0
0
0
0
0
0
0
0
0
0
0
0
0
0
0
0
0
0
0
0
0
0
0
0
0
0
0
0
0
0
0
0
0
0
0
0
0
0
0
0
0
0
0
0
0
0
0
0
0
0
0
0
0
0
0
0
0
0
0
0
0
0
0
0
0
0
0
0
0
0
0
0
0
0
0
0
0
0
0
0
0
0
0
0
0
0
0
0
0
0
0
0
0
0
0
0
0
0
0
0
0
0
0
0
0
0
0
0
0
0
0
0
0
0
0
0
0
0
0
0
0
0
0
0
0
0
0
0
0
0
0
0
0
0
0
0
0
0
0
0
0
0
0
0
0
0
0
0
0
0
0
0
0
0
0
0
0
0
0
0
0
0
0
0
0
0
0
0
0
0
0
0
0
0
0
0
0
0
0
0
0
0
0
0
0
0
0
0
0
0
0
0
0
0
0
0
0
0
0
0
0
0
0
0
0
0
0
0
0
0
0
0
0
0
0
0
0
0
0
0
0
0
0
0
0
0
0
0
0
0
0
0
0
0
0
0
0
0
0
0
0
0
0
0
0
0
0
0
0
0
0
0
0
0
0
0
0
0
0
0
0
0
0
0
0
0
0
0
0
0
0
0
0
0
0
0
0
0
0
0
0
0
0
0
0
0
0
0
0
0
0
0
0
0
0
0
0
0
0
0
0
0
0
0
0
0
0
0
0
0
0
0
0
0
0
0
0
0
0
0
0
0
0
0
0
0
0
0
0
0
0
0
0
0
0
0
0
0
0
0
0
0
0
0
0
0
0
0
0
0
0
0
0
0
0
0
0
0
0
0
0
0
0
0
0
0
0
0
0
0
0
0
0
0
0
0
0
0
0
0
0
0
0
0
0
0
0
0
0
0
0
0
0
0
0
0
0
0
0
0
0
0
0
0
0
0
0
0
0
0
0
0
0
0
0
0
0
0
0
0
0
0
0
0
0
0
0
0
0
0
0
0
0
0
0
0
0
0
0
0
0
0
0
0
0
0
0
0
0
0
0
0
0
0
0
0
0
0
0
0
0
0
0
0
0
0
0
0
0
0
0
0
0
0
0
0
0
0
0
0
0
0
0
0
0
0
0
0
0
0
0
0
0
0
0
0
0
0
0
0
0
0
0
0
0
0
0
0
0
0
0
0
0
0
0
0
0
0
0
0
0
0
0
0
0
0
0
0
0
0
0
0
0
0
0
0
0
0
0
0
0
0
0
0
0
0
0
0
0
0
0
0
0
0
0
0
0
0
0
0
0
0
0
0
0
0
0
0
0
0
0
0
0
0
0
0
0
0
0
0
0
0
0
0
0
0
0
0
0
0
0
0
0
0
0
0
0
0
0
0
0
0
0
0
0
0
0
0
0
0
0
0
0
0
0
0
0
0
0
0
0
0
0
0
0
0
0
0
0
0
0
0
0
0
0
0
0
0
0
0
0
0
0
0
0
0
0
0
0
0
0
0
0
0
0
0
0
0
0
0
0
0
0
0
0
0
0
0
0
0
0
0
0
0
0
0
0
0
0
0
0
0
0
0
0
0
0
0
0
0
0
0
0
0
0
0
0
0
0
0
0
0
0
0
0
0
0
0
0
0
0
0
0
0
0
0
0
0
0
0
0
0
0
0
0
0
0
0
0
0
0
0
0
0
0
0
0
0
0
0
0
0
0
0
0
0
0
0
0
0
0
0
0
0
0
0
0
0
0
0
0
0
0
0
0
0
0
0
0
0
0
0
0
0
0
0
0
0
0
0
0
0
0
0
0
0
0
0
0
0
0
0
0
0
0
0
0
0
0
0
0
0
0
0
0
0
0
0
0
0
0
0
0
0
0
0
0
0
0
0
0
0
0
0
0
0
0
0
0
0
0
0
0
0
0
0
0
0
0
0
0
0
0
0
0
0
0
0
0
0
0
0
0
0
0
0
0
0
0
0
0
0
0
0
0
0
0
0
0
0
0
0
0
0
0
0
0
0
0
0
0
0
0
0
0
0
0
0
0
0
0
0
0
0
0
0
0
0
0
0
0
0
0
0
0
0
0
0
0
0
0
0
0
0
0
0
0
0
0
0
0
0
0
0
0
0
0
0
0
0
0
0
0
0
0
0
0
0
0
0
0
0
0
0
0
0
0
0
0
0
0
0
0
0
0
0
0
0
0
0
0
0
0
0
0
0
0
0
0
0
0
0
0
0
0
0
0
0
0
0
0
0
0
0
0
0
0
0
0
0
0
0
0
0
0
0
0
0
0
0
0
0
0
0
0
0
0
0
0
0
0
0
0
0
0
0
0
0
0
0
0
0
0
0
0
0
0
0
0
0
0
0
0
0
0
0
0
0
0
0
0
0
0
0
0
0
0
0
0
0
0
0
0
0
0
0
0
0
0
0
0
0
0
0
0
0
0
0
0
0
0
0
0
0
0
0
0
0
0
0
0
0
0
0
0
0
0
0
0
0
0
0
0
0
0
0
0
0
0
0
0
0
0
0
0
0
0
0
0
0
0
0
0
0
0
0
0
0
0
0
0
0
0
0
0
0
0
0
0
0
0
0
0
0
0
0
0
0
0
0
0
0
0
0
0
0
0
0
0
0
0
0
0
0
0
0
0
0
0
0
0
0
0
0
0
0
0
0
0
0
0
0
0
0
0
0
0
0
0
0
0
0
0
0
0
0
0
0
0
0
0
0
0
0
0
0
0
0
0
0
0
0
0
0
0
0
0
0
0
0
0
0
0
0
0
0
0
0
0
0
0
0
0
0
0
0
0
0
0
0
0
0
0
0
0
0
0
0
0
0
0
0
0
0
0
0
0
0
0
0
0
0
0
0
0
0
0
0
0
0
0
0
0
0
0
0
0
0
0
0
0
0
0
0
0
0
0
0
0
0
0
0
0
0
0
0
0
0
0
0
0
0
0
0
0
0
0
0
0
0
0
0
0
0
0
0
0
0
0
0
0
0
0
0
0
0
0
0
0
0
0
0
0
0
0
0
0
0
0
0
0
0
0
0
0
0
0
0
0
0
0
0
0
0
0
0
0
0
0
0
0
0
0
0
0
0
0
0
0
0
0
0
0
0
0
0
0
0
0
0
0
0
0
0
0
0
0
0
0
0
0
0
0
0
0
0
0
0
0
0
0
0
0
0
0
0
0
0
0
0
0
0
0
0
0
0
0
0
0
0
0
0
0
0
0
0
0
0
0
0
0
0
0
0
0
0
0
0
0
0
0
0
0
0
0
0
0
0
0
0
0
0
0
0
0
0
0
0
0
0
0
0
0
0
0
0
0
0
0
0
0
0
0
0
0
0
0
0
0
0
0
0
0
0
0
0
0
0
0
0
0
0
0
0
0
0
0
0
0
0
0
0
0
0
0
0
0
0
0
0
0
0
0
0
0
0
0
0
0
0
0
0
0
0
0
0
0
0
0
0
0
0
0
0
0
0
0
0
0
0
0
0
0
0
0
0
0
0
0
0
0
0
0
0
0
0
0
0
0
0
0
0
0
0
0
0
0
0
0
0
0
0
0
0
0
0
0
0
0
0
0
0
0
0
0
0
0
0
0
0
0
0
0
0
0
0
0
0
0
0
0
0
0
0
0
0
0
0
0
0
0
0
0
0
0
0
0
0
0
0
0
0
0
0
0
0
0
0
0
0
0
0
0
0
0
0
0
0
0
0
0
0
0
0
0
0
0
0
0
0
0
0
0
0
0
0
0
0
0
0
0
0
0
0
0
0
0
0
0
0
0
0
0
0
0
0
0
0
0
0
0
0
0
0
0
0
0
0
0
0
0
0
0
0
0
0
0
0
0
0
0
0
0
0
0
0
0
0
0
0
0
0
0
0
0
0
0
0
0
0
0
0
0
0
0
0
0
0
0
0
0
0
0
0
0
0
0
0
0
0
0
0
0
0
0
0
0
0
0
0
0
0
0
0
0
0
0
0
0
0
0
0
0
0
0
0
0
0
0
0
0
0
0
0
0
0
0
0
0
0
0
0
0
0
0
0
0
0
0
0
0
0
0
0
0
0
0
0
0
0
0
0
0
0
0
0
0
0
0
0
0
0
0
0
0
0
0
0
0
0
0
0
0
0
0
0
0
0
0
0
0
0
0
0
0
0
0
0
0
0
0
0
0
0
0
0
0
0
0
0
0
0
0
0
0
0
0
0
0
0
0
0
0
0
0
0
0
0
0
0
0
0
0
0
0
0
0
0
0
0
0
0
0
0
0
0
0
0
0
0
0
0
0
0
0
0
0
0
0
0
0
0
0
0
0
0
0
0
0
0
0
0
0
0
0
0
0
0
0
0
0
0
0
0
0
0
0
0
0
0
0
0
0
0
0
0
0
0
0
0
0
0
0
0
0
0
0
0
0
0
0
0
0
0
0
0
0
0
0
0
0
0
0
0
0
0
0
0
0
0
0
0
0
0
0
0
0
0
0
0
0
0
0
0
0
0
0
0
0
0
0
0
0
0
0
0
0
0
0
0
0
0
0
0
0
0
0
0
0
0
0
0
0
0
0
0
0
0
0
0
0
0
0
0
0
0
0
0
0
0
0
0
0
0
0
0
0
0
0
0
0
0
0
0
0
0
0
0
0
0
0
0
0
0
0
0
0
0
0
0
0
0
0
0
0
0
0
0
0
0
0
0
0
0
0
0
0
0
0
0
0
0
0
0
0
0
0
0
0
0
0
0
0
0
0
0
0
0
0
0
0
0
0
0
0
0
0
0
0
0
0
0
0
0
0
0
0
0
0
0
0
0
0
0
0
0
0
0
0
0
0
0
0
0
0
0
0
0
0
0
0
0
0
0
0
0
0
0
0
0
0
0
0
0
0
0
0
0
0
0
0
0
0
0
0
0
0
0
0
0
0
0
0
0
0
0
0
0
0
0
0
0
0
0
0
0
0
0
0
0
0
0
0
0
0
0
0
0
0
0
0
0
0
0
0
0
0
0
0
0
0
0
0
0
0
0
0
0
0
0
0
0
0
0
0
0
0
0
0
0
0
0
0
0
0
0
0
0
0
0
0
0
0
0
0
0
0
0
0
0
0
0
0
0
0
0
0
0
0
0
0
0
0
0
0
0
0
0
0
0
0
0
0
0
0
0
0
0
0
0
0
0
0
0
0
0
0
0
0
0
0
0
0
0
0
0
0
0
0
0
0
0
0
0
0
0
0
0
0
0
0
0
0
0
0
0
0
0
0
0
0
0
0
0
0
0
0
0
0
0
0
0
0
0
0
0
0
0
0
0
0
0
0
0
0
0
0
0
0
0
0
0
0
0
0
0
0
0
0
0
0
0
0
0
0
0
0
0
0
0
0
0
0
0
0
0
0
0
0
0
0
0
0
0
0
0
0
0
0
0
0
0
0
0
0
0
0
0
0
0
0
0
0
0
0
0
0
0
0
0
0
0
0
0
0
0
0
0
0
0
0
0
0
0
0
0
0
0
0
0
0
0
0
0
0
0
0
0
0
0
0
0
0
0
0
0
0
0
0
0
0
0
0
0
0
0
0
0
0
0
0
0
0
0
0
0
0
0
0
0
0
0
0
0
0
0
0
0
0
0
0
0
0
0
0
0
0
0
0
0
0
0
0
0
0
0
0
0
0
0
0
0
0
0
0
0
0
0
0
0
0
0
0
0
0
0
0
0
0
0
0
0
0
0
0
0
0
0
0
0
0
0
0
0
0
0
0
0
0
0
0
0
0
0
0
0
0
0
0
0
0
0
0
0
0
0
0
0
0
0
0
0
0
0
0
0
0
0
0
0
0
0
0
0
0
0
0
0
0
0
0
0
0
0
0
0
0
0
0
0
0
0
0
0
0
0
0
0
0
0
0
0
0
0
0
0
0
0
0
0
0
0
0
0
0
0
0
0
0
0
0
0
0
0
0
0
0
0
0
0
0
0
0
0
0
0
0
0
0
0
0
0
0
0
0
0
0
0
0
0
0
0
0
0
0
0
0
0
0
0
0
0
0
0
0
0
0
0
0
0
0
0
0
0
0
0
0
0
0
0
0
0
0
0
0
0
0
0
0
0
0
0
0
0
0
0
0
0
0
0
0
0
0
0
0
0
0
0
0
0
0
0
0
0
0
0
0
0
0
0
0
0
0
0
0
0
0
0
0
0
0
0
0
0
0
0
0
0
0
0
0
0
0
0
0
0
0
0
0
0
0
0
0
0
0
0
0
0
0
0
0
0
0
0
0
0
0
0
0
0
0
0
0
0
0
0
0
0
0
0
0
0
0
0
0
0
0
0
0
0
0
0
0
0
0
0
0
0
0
0
0
0
0
0
0
0
0
0
0
0
0
0
0
0
0
0
0
0
0
0
0
0
0
0
0
0
0
0
0
0
0
0
0
0
0
0
0
0
0
0
0
0
0
0
0
0
0
0
0
0
0
0
0
0
0
0
0
0
0
0
0
0
0
0
0
0
0
0
0
0
0
0
0
0
0
0
0
0
0
0
0
0
0
0
0
0
0
0
0
0
0
0
0
0
0
0
0
0
0
0
0
0
0
0
0
0
0
0
0
0
0
0
0
0
0
0
0
0
0
0
0
0
0
0
0
0
0
0
0
0
0
0
0
0
0
0
0
0
0
0
0
0
0
0
0
0
0
0
0
0
0
0
0
0
0
0
0
0
0
0
0
0
0
0
0
0
0
0
0
0
0
0
0
0
0
0
0
0
0
0
0
0
0
0
0
0
0
0
0
0
0
0
0
0
0
0
0
0
0
0
0
0
0
0
0
0
0
0
0
0
0
0
0
0
0
0
0
0
0
0
0
0
0
0
0
0
0
0
0
0
0
0
0
0
0
0
0
0
0
0
0
0
0
0
0
0
0
0
0
0
0
0
0
0
0
0
0
0
0
0
0
0
0
0
0
0
0
0
0
0
0
0
0
0
0
0
0
0
0
0
0
0
0
0
0
0
0
0
0
0
0
0
0
0
0
0
0
0
0
0
0
0
0
0
0
0
0
0
0
0
0
0
0
0
0
0
0
0
0
0
0
0
0
0
0
0
0
0
0
0
0
0
0
0
0
0
0
0
0
0
0
0
0
0
0
0
0
0
0
0
0
0
0
0
0
0
0
0
0
0
0
0
0
0
0
0
0
0
0
0
0
0
0
0
0
0
0
0
0
0
0
0
0
0
0
0
0
0
0
0
0
0
0
0
0
0
0
0
0
0
0
0
0
0
0
0
0
0
0
0
0
0
0
0
0
0
0
0
0
0
0
0
0
0
0
0
0
0
0
0
0
0
0
0
0
0
0
0
0
0
0
0
0
0
0
0
0
0
0
0
0
0
0
0
0
0
0
0
0
0
0
0
0
0
0
0
0
0
0
0
0
0
0
0
0
0
0
0
0
0
0
0
0
0
0
0
0
0
0
0
0
0
0
0
0
0
0
0
0
0
0
0
0
0
0
0
0
0
0
0
0
0
0
0
0
0
0
0
0
0
0
0
0
0
0
0
0
0
0
0
0
0
0
0
0
0
0
0
0
0
0
0
0
0
0
0
0
0
0
0
0
0
0
0
0
0
0
0
0
0
0
0
0
0
0
0
0
0
0
0
0
0
0
0
0
0
0
0
0
0
0
0
0
0
0
0
0
0
0
0
0
0
0
0
0
0
0
0
0
0
0
0
0
0
0
0
0
0
0
0
0
0
0
0
0
0
0
0
0
0
0
0
0
0
0
0
0
0
0
0
0
0
0
0
0
0
0
0
0
0
0
0
0
0
0
0
0
0
0
0
0
0
0
0
0
0
0
0
0
0
0
0
0
0
0
0
0
0
0
0
0
0
0
0
0
0
0
0
0
0
0
0
0
0
0
0
0
0
0
0
0
0
0
0
0
0
0
0
0
0
0
0
0
0
0
0
0
0
0
0
0
0
0
0
0
0
0
0
0
0
0
0
0
0
0
0
0
0
0
0
0
0
0
0
0
0
0
0
0
0
0
0
0
0
0
0
0
0
0
0
0
0
0
0
0
0
0
0
0
0
0
0
0
0
0
0
0
0
0
0
0
0
0
0
0
0
0
0
0
0
0
0
0
0
0
0
0
0
0
0
0
0
0
0
0
0
0
0
0
0
0
0
0
0
0
0
0
0
0
0
0
0
0
0
0
0
0
0
0
0
0
0
0
0
0
0
0
0
0
0
0
0
0
0
0
0
0
0
0
0
0
0
0
0
0
0
0
0
0
0
0
0
0
0
0
0
0
0
0
0
0
0
0
0
0
0
0
0
0
0
0
0
0
0
0
0
0
0
0
0
0
0
0
0
0
0
0
0
0
0
0
0
0
0
0
0
0
0
0
0
0
0
0
0
0
0
0
0
0
0
0
0
0
0
0
0
0
0
0
0
0
0
0
0
0
0
0
0
0
0
0
0
0
0
0
0
0
0
0
0
0
0
0
0
0
0
0
0
0
0
0
0
0
0
0
0
0
0
0
0
0
0
0
0
0
0
0
0
0
0
0
0
0
0
0
0
0
0
0
0
0
0
0
0
0
0
0
0
0
0
0
0
0
0
0
0
0
0
0
0
0
0
0
0
0
0
0
0
0
0
0
0
0
0
0
0
0
0
0
0
0
0
0
0
0
0
0
0
0
0
0
0
0
0
0
0
0
0
0
0
0
0
0
0
0
0
0
0
0
0
0
0
0
0
0
0
0
0
0
0
0
0
0
0
0
0
0
0
0
0
0
0
0
0
0
0
0
0
0
0
0
0
0
0
0
0
0
0
0
0
0
0
0
0
0
0
0
0
0
0
0
0
0
0
0
0
0
0
0
0
0
0
0
0
0
0
0
0
0
0
0
0
0
0
0
0
0
0
0
0
0
0
0
0
0
0
0
0
0
0
0
0
0
0
0
0
0
0
0
0
0
0
0
0
0
0
0
0
0
0
0
0
0
0
0
0
0
0
0
0
0
0
0
0
0
0
0
0
0
0
0
0
0
0
0
0
0
0
0
0
0
0
0
0
0
0
0
0
0
0
0
0
0
0
0
0
0
0
0
0
0
0
0
0
0
0
0
0
0
0
0
0
0
0
0
0
0
0
0
0
0
0
0
0
0
0
0
0
0
0
0
0
0
0
0
0
0
0
0
0
0
0
0
0
0
0
0
0
0
0
0
0
0
0
0
0
0
0
0
0
0
0
0
0
0
0
0
0
0
0
0
0
0
0
0
0
0
0
0
0
0
0
0
0
0
0
0
0
0
0
0
0
0
0
0
0
0
0
0
0
0
0
0
0
0
0
0
0
0
0
0
0
0
0
0
0
0
0
0
0
0
0
0
0
0
0
0
0
0
0
0
0
0
0
0
0
0
0
0
0
0
0
0
0
0
0
0
0
0
0
0
0
0
0
0
0
0
0
0
0
0
0
0
0
0
0
0
0
0
0
0
0
0
0
0
0
0
0
0
0
0
0
0
0
0
0
0
0
0
0
0
0
0
0
0
0
0
0
0
0
0
0
0
0
0
0
0
492
110
2
87
7
22
9
54
4173
372
27
901
2064
393
150
717
845
20
60
18
53
45
153
934
106
60
16
208
6
247
3604
7
47
43
28
57
5
82
543
146
4
341
8
51
218
28
8
261
577
168
17
3
27
283
10
3
823
105
10
0
21
13
49
0
67
175
6
18
2
9
8
39
34
42
5
20
311
69
462
1098
1
94
3
6697
87
987
24
8963
44
23
282
276
95
28
151
6
68
10
3
18
10
1874
18
139
373
48983
386
566
30
2
25
89
36
35
3
264
372
257
198
8
477
110
837
4
26
172
907
14
12
9
53
10
676
95
440
114
212
61
302
205
66
888
140
125
321
53
151
30
25
44
6
76
819
29
1468
39
0
27
25
118
282
197
42
4
123
62
38
879
282
17
0
49
7
306
1391
89
141
17
69
40
57
38
28
69
72
226
1
204
3860
86
67
81
79
13
4082
1
28
21
75
24
198
110
274
366
171
99
418
39
17
99
115
136
518
447
126
178
17176
1814
128
205
617
40
81
2774
13
2
47
729
149
129
137
4117
822
21
43
1436
44
85
231
90
5969
997
27
53
489
324
14
2921
377
395
12
97
69
8
10394
257
17
1798
12
228
77
2521
1131
31
178
13
41
136
60
9
150
25
4315
34
70
0
23
540
25
20
55
113
121
71
164
150
62
23
20
37
12
35
45
60
30
55
507
62
10
17
26
1
13
84
258
11
90
129
362
204
5
0
232
97
181
286
18
1670
42
85
11
107
26
10
65
400
13
54
64
35
397
9
293
272
1
96
135
15
3258
32
4
87
126
107
307
119
49
16
0
12
312
94
60
7
426
8
525
55
271
61
3
11
970
37
30087
50
200
84
49
59
42
45
62
1
32
151
39
231
128
88
156
20
1080
67
0
65
489
313
416
18
12
105
1
33
49
11
19
372
599
569
30
12
39
34
728
39
40
97
86
14
29
42
7108
2262
6
16
1403
569
121
186
147
33
5
82
33
49
1
4784
384
3
45
164
26
52
56
10
87
26
3
59
5
162
236
90
46
44
56
260
26
124
97
76
20
64
108
25
13
37
90
11
284
7
16
26
106
1200
8136
1250
783
94
180
205
174
22
13
56
41
973
14
1388
41
853
125
199
287
13
229
112
16
147
108
32
37
44
805
43
202
56
52
57
116
295
36
177
327
280
812
9
51
4
30
60
129
10
12
27
37
7
51
22
438
183
91
25
66
562
2
85
255
186
1613
23
558
196
182
342
29
32
135
218
167
501
20
982
32
0
9
2757
6
359
3
780
318
506
169
168
10
15
13
120
240
30
14
765
511
745
84
278
59
15
27
367
280
503
5
30
70
30
18
18
104
33
93
610
603
170
43
4052
15
36
316
4
172
161
15
49
16
171
131
40
259
77
121
201
34
198
162
16
170
30
1013
6
54
465
10
28
38
57
52
88
41
93
83
725
192
475
979
475
36
170
28
30
366
41
81
12
76
39
134
521
82
75
133
102
149
158
8
81
14
554
61
147
2
183
7
175
54
79
1
91
242
331
145
2009
1373
427
405
5
2876
233
55
38
50
33
118
58
192
40
145
16
36
11
86
112
74
23
102
82
100
43
52
73
173
506
339
41
10
160
867
48
5
36
215
8
100
126
41
1161
2930
55
233
80
156
185
55
221
169
202
98
96
216
119
216
40
35
1835
46
9
32
116
7197
109
35
79
73
36
272
146
98
24
30
223
743
17
517
121
674
1076
153
194
306
67
31
568
140
95
2434
1024
161
1
3
63
836
85
38
123
169
17
423
439
47
220
87
65
1385
1590
2403
813
632
53
91
129
40
316
140
11
261
40
752
2
23
179
40
23
2077
40
2589
822
1279
1
50
14
78
60
52
266
73
258
2327
2048
565
92
770
763
919
4
58
246
16
4680
61
71
431
754
104
7
181
0
27
52
3415
676
300
44
212
179
161
113
354
89
147
72
2837
617
199
335
135
596
5
23
419
121
504
1018
117
2790
1
72
443
351
198
104
82
166
31
583
107
145
40
633
79
221
325
13
92
605
66
271
515
381
80
250
271
77
292
134
985
537
604
405
10
72
42
3141
822
268
746
94
327
83
39
113
562
41
63
70
434
389
274
13
139
649
42
248
182
68
49
236
1369
136
536
242
379
489
134
4
63
255
56
1217
0
3372
309
401
496
30
3168
179
89
121
345
843
232
2856
761
143
920
979
197
129
3
466
195
327
528
193
304
867
122
406
20
2605
84
126
575
86
1092
437
40
108
1140
102
27
14
18
338
197
984
807
314
470
132
40
260
55
9
850
326
1014
1162
172
1711
99
30
521
50
144
205
636
467
1218
151
171
247
283
425
616
55
13
13
2033
193
1406
361
278
120
176
1258
108
16
519
12
335
690
749
204
50
48
1415
526
555
133
27
912
393
505
1054
48
195
58
26
81
327
4100
306
1295
241
1811
1251
322
376
160
110
729
2014
1346
1073
1796
572
346
398
226
613
